Scania 42000 8000 3
1  2024-02-18 06:00:00_2024-02-18 16:26:00
2  2024-02-16 06:00:00_2024-02-16 16:26:00
4  2024-02-17 06:00:00_2024-02-17 16:26:00
Scania 42000 8000 1
3  2024-02-15 06:00:00_2024-02-15 16:26:00
Scania 42000 8000 0
Scania 42000 8000 0
Scania 42000 8000 0
Scania 42000 8000 0
Scania 42000 8000 0
Scania 42000 8000 0
Scania 42000 8000 0
Scania 42000 8000 0
Man 37000 10000 0
Man 37000 10000 0
Man 37000 10000 0
Man 37000 10000 0
Man 37000 10000 0
Man 37000 10000 0
Man 37000 10000 0
Man 37000 10000 0
Man 37000 10000 0
Man 37000 10000 0
Man 37000 10000 0
Man 37000 10000 0
Man 37000 10000 0
Man 37000 10000 0
Man 37000 10000 0
Actros 26000 13000 0
Actros 26000 13000 0
Actros 26000 13000 0
Actros 26000 13000 0
Actros 26000 13000 0
Actros 26000 13000 0
Actros 26000 13000 0
Actros 26000 13000 0
Actros 26000 13000 0
Actros 26000 13000 0
Actros 26000 13000 0
Actros 26000 13000 0
Actros 26000 13000 0
